tree
version=v2
num_class=1
num_tree_per_iteration=1
label_index=0
max_feature_idx=46
objective=regression
feature_names=LONGITUDE LATITUDE DIRECTION HEIGHT SPEED weekday_0 weekday_1 weekday_2 weekday_3 weekday_4 weekday_5 weekday_6 month_7 month_8 month_9 month_10 month_11 month_12 hour_0 hour_1 hour_2 hour_3 hour_4 hour_5 hour_6 hour_7 hour_8 hour_9 hour_10 hour_11 hour_12 hour_13 hour_14 hour_15 hour_16 hour_17 hour_18 hour_19 hour_20 hour_21 hour_22 hour_23 CALLSTATE_0 CALLSTATE_1 CALLSTATE_2 CALLSTATE_3 CALLSTATE_4
feature_infos=[82.834459210000006:127.40321830000001] [21.574337679999999:44.000393000000003] [0:1] [0:0.99848049404464478] [0:0.9957782672540384] [0:1] [0:1] [0:1] [0:1] [0:1] [0:1] [0:1] [0:1] [0:1] [0:1] [0:1] [0:1] [0:1] [0:1] [0:1] [0:1] [0:1] [0:1] [0:1] [0:1] [0:1] [0:1] [0:1] [0:1] [0:1] [0:1] [0:1] [0:1] [0:1] [0:1] [0:1] [0:1] [0:1] [0:1] [0:1] [0:1] [0:1] [0:1] [0:1] [0:1] [0:1] [0:1]
tree_sizes=2447 2486 2496 2485 2487 2502 2508

Tree=0
num_leaves=31
num_cat=0
split_feature=3 17 7 0 31 8 3 9 2 0 9 3 25 0 46 27 0 0 0 2 13 0 22 8 0 24 3 3 3 0
split_gain=8433.44 9115.63 8551.07 17929.4 5192.34 4659.03 2196.41 4401.14 3429.69 1645.91 1426.18 2583.09 1350.78 2640.23 1275.59 4743.44 1056.05 1040.81 765.31 1731.89 667.667 675.505 624.562 487.729 462.768 183.144 160.011 141.634 154.244 197.853
threshold=0.29122452792446102 1.0000000180025095e-35 1.0000000180025095e-35 106.71847150000001 1.0000000180025095e-35 1.0000000180025095e-35 0.41184552178162187 1.0000000180025095e-35 0.12083333333333336 106.69119250000001 1.0000000180025095e-35 0.36769747114611523 1.0000000180025095e-35 106.46104450000001 1.0000000180025095e-35 1.0000000180025095e-35 106.71847150000001 121.58721280000002 106.73537800000001 0.7069444444444446 1.0000000180025095e-35 123.90942350000002 1.0000000180025095e-35 1.0000000180025095e-35 106.71847150000001 1.0000000180025095e-35 0.07586307988109646 0.07639239160146595 0.091098148709902196 123.42631150000001
decision_type=2 2 2 2 2 2 2 2 2 2 2 2 2 2 2 2 2 2 2 2 2 2 2 2 2 2 2 2 2 2
left_child=17 -2 4 -4 6 10 7 12 16 -10 11 -6 14 -14 15 23 -9 -1 19 24 27 -22 -16 -3 -11 -8 -23 -19 29 -29
right_child=1 2 3 -5 5 -7 25 8 9 18 -12 -13 13 -15 22 -17 -18 20 -20 -21 21 26 -24 -25 -26 -27 -28 28 -30 -31
leaf_value=0.21194487344047641 0.21470354751412815 0.23131306601556129 1.2466133478947103 0.2250091450897698 1.1169715108268081 0.20947865135149357 0.21805145258296349 1.1636425721712531 0.83175946927742372 0.23252608905245395 1.2466133478947103 0.35764075085766739 0.20947865135149357 0.98732967375890612 0.21477015490528548 1.0984512483885365 0.6761892647959411 0.20985789489378492 0.20947865135149357 0.77822993655261252 0.32424974640424442 0.20947865135149357 0.45147674721157749 0.46876232548729779 0.48604790376301799 0.33418015290139474 0.27048309504008911 0.22561715555902451 0.21365964710856311 0.26634234681762936
leaf_count=37878 1572 95 83 89 24 34 412 25 25 45 23 21 24 20 392 21 20 757 41 31 421 251 30 28 30 37 188 601 542 592
internal_value=0 1.58074 3.30157 9.94977 2.47175 9.3374 1.92292 2.88965 6.75745 4.72398 14.1164 10.8423 1.51372 6.85087 1.09882 3.66875 14.5299 -0.123915 3.44827 4.86733 0.410184 1.1699 0.221876 1.29725 2.26862 0.142345 0.301994 0.148001 0.305475 0.506446
internal_count=44352 3122 1550 172 1378 102 1276 827 217 172 68 45 610 44 566 144 45 41230 147 106 3352 860 422 123 75 449 439 2492 1735 1193
shrinkage=1


Tree=1
num_leaves=31
num_cat=0
split_feature=3 1 9 31 7 17 0 3 8 1 0 0 10 4 13 0 4 0 1 1 3 3 6 0 3 1 10 4 1 1
split_gain=7611.18 16928.5 11518.2 4761.34 3132.91 13444.2 12779 3045.01 2994.87 2546.93 2079.96 941.311 769.95 3415.07 677.122 616.784 275.298 249.884 156.929 197.351 144.41 107.005 103.96 90.9674 89.7147 490.275 81.8918 91.8878 79.41 77.2754
threshold=0.29122452792446102 26.539447000000006 1.0000000180025095e-35 1.0000000180025095e-35 1.0000000180025095e-35 1.0000000180025095e-35 106.72973650000002 0.37362246813323313 1.0000000180025095e-35 26.508309500000006 106.72973650000002 121.57193385000001 1.0000000180025095e-35 0.24137300844346551 1.0000000180025095e-35 123.90942350000002 0.3212503028634362 106.71847150000001 38.62635800000001 41.816156500000012 0.07586307988109646 0.12707356571042497 1.0000000180025095e-35 123.42631150000001 0.45782944076976501 34.283642000000007 1.0000000180025095e-35 0.13676012298091045 43.830578480000007 32.087813335000007
decision_type=2 2 2 2 2 2 2 2 2 2 2 2 2 2 2 2 2 2 2 2 2 2 2 2 2 2 2 2 2 2
left_child=11 2 3 8 24 -6 -7 17 12 10 -10 29 16 -14 18 -16 -2 -4 -13 23 -17 -22 -21 -20 26 -26 -3 -28 -24 -1
right_child=1 4 7 -5 5 6 -8 -9 9 -11 -12 14 13 -15 15 20 -18 -19 19 22 21 -23 28 -25 25 -27 27 -29 -30 -31
leaf_value=-0.0098320863064581786 -0.011113649522824003 -0.0099163188592082552 0.98554763634999587 0.89997557770946757 -0.010735177248716355 0.97480411529541022 0.011408786402374018 0.38698362200646791 0.98801518353548934 -0.015154604646174805 0.36037587909535929 -0.010724473129076796 0.69944594046100983 -0.011554020238027238 0.09759984128755371 -0.010473932325839997 0.18629488971084357 0.79996987839157763 0.01399648007487791 -0.0084479499788928016 0.070805513858795174 -0.013524155318737031 0.067371944507414655 0.047508331892532035 0.25371914364042736 0.0057737440381407136 0.0027589730225330176 0.12488167223831018 -0.010562349812915692 -0.0050652117080293695
leaf_count=24759 151 1604 60 23 420 79 61 37 22 23 33 909 24 57 451 251 20 26 363 763 136 52 88 458 21 394 43 24 52 12948
internal_value=0 1.5017 6.99185 4.08813 0.514056 2.61417 11.1008 15.3253 3.11855 8.53338 12.2286 -0.117719 1.44253 3.98225 0.376608 1.13067 0.239501 18.5889 0.121722 0.298994 0.286895 0.949606 -0.0236168 0.653826 -0.0497318 0.366408 -0.153082 0.930088 0.768498 -0.163904
internal_count=44352 3122 476 353 2646 560 140 123 330 78 55 41230 252 81 3523 890 171 86 2633 1724 439 188 903 821 2086 415 1671 67 140 37707
shrinkage=0.05


Tree=2
num_leaves=31
num_cat=0
split_feature=1 0 1 1 9 31 7 8 23 1 4 0 13 0 0 1 17 18 1 1 4 4 1 1 1 1 7 0 6 0
split_gain=2753.77 8500.82 14299.6 14795.6 8999.71 3809.91 3331.67 2571.59 1881.54 1067.81 975.354 831.543 611.102 556.647 415.676 1395.83 1520.33 1408.63 355.308 688.788 279.767 200.205 141.628 178.109 97.6878 226.129 191.918 97.0843 93.8243 92.9971
threshold=27.465674520000004 106.72973650000002 26.539447000000006 27.028248000000001 1.0000000180025095e-35 1.0000000180025095e-35 1.0000000180025095e-35 1.0000000180025095e-35 1.0000000180025095e-35 26.508309500000006 0.51440143171806174 121.57193385000001 1.0000000180025095e-35 123.90942350000002 107.05479515 26.508309500000006 1.0000000180025095e-35 1.0000000180025095e-35 26.300614500000005 26.508309500000006 0.20725769089574159 0.237718832599119 38.62635800000001 41.816156500000012 32.087813335000007 33.822130000000008 1.0000000180025095e-35 119.75548550000001 1.0000000180025095e-35 118.05540450000001
decision_type=2 2 2 2 2 2 2 2 2 2 2 2 2 2 2 2 2 2 2 2 2 2 2 2 2 2 2 2 2 2
left_child=1 2 4 8 5 7 -5 18 10 -6 -4 24 22 -14 15 16 -3 20 -1 -20 -18 -21 -13 -24 -2 26 -26 -28 -25 -16
right_child=11 14 3 6 9 -7 -8 -9 -10 -11 -12 12 13 -15 29 -17 17 -19 19 21 -22 -23 23 28 25 -27 27 -29 -30 -31
leaf_value=-0.013602786215524826 -0.0098063811489698411 -0.014281723561386267 -0.0061353133625698534 0.21131028999453005 0.94626167737520661 0.8549768333849701 0.92606382369995122 0.53786966612464504 0.43918616753816608 0.60681701352198925 0.33014291497794068 -0.010188249513359353 0.092719847832841526 0.013627495311183646 -0.0099048053235382665 -0.012284352030431808 0.53534484909226498 -0.020271991633556107 0.38349191099405289 -0.010272322786160006 0.30570611198033609 0.18430227026343349 0.031056713875514726 -0.0080255526097230186 0.0032480048990440116 -0.0069231052748467319 0.062311812862753869 0.013340258568525316 0.036503677746014936 0.012551471335547314
leaf_count=63 20541 60 1085 23 65 23 56 38 25 36 22 909 451 439 3784 344 36 22 22 39 21 20 821 763 1502 12062 240 175 140 525
internal_value=0 0.608338 2.67142 1.12809 8.77916 4.97256 14.3594 3.44004 0.204699 16.5054 0.0109545 -0.105012 0.357778 1.07414 -0.0447693 0.834929 3.50926 6.39146 1.50907 2.89438 9.01482 1.1137 0.115636 0.284044 -0.152243 -0.0877582 0.231277 0.833223 -0.0224359 -0.143376
internal_count=44352 6309 1517 1211 306 205 79 182 1132 101 1107 38043 3523 890 4792 483 139 79 144 81 57 59 2633 1724 34520 13979 1917 415 903 4309
shrinkage=0.05


Tree=3
num_leaves=31
num_cat=0
split_feature=3 1 9 7 3 1 3 16 1 1 10 3 0 0 13 0 0 3 1 1 3 6 3 1 0 10 4 0 1 1
split_gain=6218.76 13773.5 9375.64 2603.41 5556 16211.9 2585.22 2017.13 1784.62 3018.1 3160.62 2220.17 767.256 573.796 551.52 502.374 224.15 130.33 127.819 160.743 96.5723 84.6764 82.7999 432.766 82.0981 75.1099 82.9271 74.857 71.6675 62.1548
threshold=0.29122452792446102 26.539447000000006 1.0000000180025095e-35 1.0000000180025095e-35 0.42596312602367298 33.822130000000008 0.37362246813323313 1.0000000180025095e-35 26.300614500000005 26.398492000000001 1.0000000180025095e-35 0.38338192314355751 121.57193385000001 106.73537800000001 1.0000000180025095e-35 123.90942350000002 106.71847150000001 0.07586307988109646 38.62635800000001 41.816156500000012 0.12707356571042497 1.0000000180025095e-35 0.45782944076976501 34.283642000000007 123.42631150000001 1.0000000180025095e-35 0.13676012298091045 121.73057150000001 43.830578480000007 32.087813335000007
decision_type=2 2 2 2 2 2 2 2 2 2 2 2 2 2 2 2 2 2 2 2 2 2 2 2 2 2 2 2 2 2
left_child=12 2 7 22 -5 -6 16 8 -2 -10 11 13 29 -11 18 -16 -4 -17 -14 24 -19 -21 25 -24 27 -3 -27 -20 -23 -1
right_child=1 3 6 4 5 -7 -8 -9 9 10 -12 -13 14 -15 15 17 -18 20 19 21 -22 28 23 -25 -26 26 -28 -29 -30 -31
leaf_value=-0.0088729922080002434 -0.013921831289724429 -0.0095008818367658711 0.89489747206370041 -0.0062192854767464346 0.88824577814416039 -0.0099345629359932908 0.34193115846530814 -0.011068674945272507 0.77659553174049634 -0.024230583184739439 0.6527750118358715 0.60714794454120458 -0.009678837041420774 0.21296928929718764 0.088083857998351042 -0.010631610453128815 0.71913483326251693 0.066583865880966195 0.091841657349356898 -0.0076242748262216669 -0.013529321551322937 0.062178168378093028 0.23878133353732883 0.0058312127981240379 0.043580081616426659 0.0029753680146017742 0.11899080413083236 0.0053073876448685216 -0.011859416173627743 -0.0045978527183531985
leaf_count=24759 49 1604 60 343 79 138 37 96 31 82 37 21 909 37 451 251 26 136 27 763 52 88 21 394 458 43 24 336 52 12948
internal_value=0 1.35741 6.30959 0.466542 2.38097 6.34106 13.8281 3.68983 5.15082 6.42983 4.83568 2.66329 -0.106402 0.990413 0.339889 1.02043 16.8352 0.258922 0.109854 0.269842 0.888498 -0.0213141 -0.0473997 0.352381 0.590078 -0.146687 0.890663 0.234876 0.69357 -0.1481
internal_count=44352 3122 476 2646 560 217 123 353 257 208 177 140 41230 119 3523 890 86 439 2633 1724 188 903 2086 415 821 1671 67 363 140 37707
shrinkage=0.05


Tree=4
num_leaves=31
num_cat=0
split_feature=3 1 9 31 8 7 17 0 3 2 46 0 10 4 13 0 4 0 3 1 1 3 6 3 1 0 10 4 0 1
split_gain=5612.43 12430.5 8461.51 3629.16 2366.49 2349.58 10098.3 9555.5 2333.16 2166.71 1131.28 692.449 572.349 2767.45 497.747 453.393 219.228 202.296 117.623 115.357 145.071 87.1565 76.4204 74.7269 390.571 74.0935 67.7867 74.8417 67.5585 64.6799
threshold=0.29122452792446102 26.539447000000006 1.0000000180025095e-35 1.0000000180025095e-35 1.0000000180025095e-35 1.0000000180025095e-35 1.0000000180025095e-35 106.72973650000002 0.37362246813323313 0.89583333333333348 1.0000000180025095e-35 121.57193385000001 1.0000000180025095e-35 0.24137300844346551 1.0000000180025095e-35 123.90942350000002 0.3212503028634362 106.71847150000001 0.07586307988109646 38.62635800000001 41.816156500000012 0.12707356571042497 1.0000000180025095e-35 0.45782944076976501 34.283642000000007 123.42631150000001 1.0000000180025095e-35 0.13676012298091045 121.73057150000001 43.830578480000007
decision_type=2 2 2 2 2 2 2 2 2 2 2 2 2 2 2 2 2 2 2 2 2 2 2 2 2 2 2 2 2 2
left_child=11 2 3 4 12 23 -7 -8 17 10 -6 -1 16 -14 19 -16 -2 -4 -17 -13 25 -20 -22 26 -25 28 -3 -28 -21 -24
right_child=1 5 8 -5 9 6 7 -9 -10 -11 -12 14 13 -15 15 18 -18 -19 21 20 22 -23 29 24 -26 -27 27 -29 -30 -31
leaf_value=-0.0070347270001594707 -0.014015552164703016 -0.00902583783729341 0.85015259901682549 0.78253276088963386 0.78436063837122039 -0.009489215378250395 0.84383353704138653 0.010762213121672146 0.3248346025879319 0.00092890956080876868 0.31758841857314113 -0.0091948950095604217 0.61833552047610285 -0.02170743205045399 0.08367966492133766 -0.010100030153989793 0.16214661158621313 0.68317809127844298 0.063254672288894656 0.087249573182176673 -0.0072430611594163892 -0.012852855026721954 0.059069255874915565 0.22684227114632016 0.0055396518674750012 0.041401078584542964 0.0028265998633795007 0.11304125785827637 0.0050420180184855348 -0.011266445325544248
leaf_count=37707 151 1604 60 23 27 420 79 61 37 26 25 909 24 57 451 251 20 26 136 27 763 52 88 21 394 458 43 24 336 52
internal_value=0 1.28954 5.99411 3.50534 2.65884 0.443214 2.26192 9.61705 13.1367 7.4722 11.199 -0.101082 1.16899 3.3587 0.322895 0.969409 0.131764 15.9934 0.245976 0.104361 0.25635 0.844073 -0.0202484 -0.0450297 0.334762 0.560574 -0.139353 0.84613 0.223133 0.658891
internal_count=44352 3122 476 353 330 2646 560 140 123 78 52 41230 252 81 3523 890 171 86 439 2633 1724 188 903 2086 415 821 1671 67 363 140
shrinkage=0.05


Tree=5
num_leaves=31
num_cat=0
split_feature=3 1 9 31 8 7 0 0 1 0 42 0 10 4 1 13 0 0 3 1 1 3 1 6 0 6 10 4 1 1
split_gain=6300.43 13336.4 8618.64 4073.49 2864.43 2480.2 4969.95 14151 2330.03 2157.88 1282.62 644.899 559.428 2447.59 486.596 422.612 387.459 229.239 104.267 93.9843 127.503 84.6233 563.963 71.4516 69.7977 68.7864 62.6049 74.8187 61.5622 205.145
threshold=0.29122452792446102 26.539447000000006 1.0000000180025095e-35 1.0000000180025095e-35 1.0000000180025095e-35 1.0000000180025095e-35 104.67477050000001 106.16646600000001 26.398492000000001 106.72973650000002 1.0000000180025095e-35 121.58721280000002 1.0000000180025095e-35 0.24137300844346551 26.508309500000006 1.0000000180025095e-35 123.90942350000002 106.71847150000001 0.075017562005665894 38.62635800000001 41.816156500000012 0.45782944076976501 34.245925045000007 1.0000000180025095e-35 123.42631150000001 1.0000000180025095e-35 1.0000000180025095e-35 0.13847478891336273 32.087813335000007 33.822130000000008
decision_type=2 2 2 2 2 2 2 2 2 2 2 2 2 2 2 2 2 2 2 2 2 2 2 2 2 2 2 2 2 2
left_child=11 2 3 4 12 21 -7 -8 -6 14 -10 28 17 -14 -4 19 -17 -2 -18 -13 24 26 -23 -20 -21 -22 -3 -28 -1 -30
right_child=1 5 9 -5 8 6 7 -9 10 -11 -12 15 13 -15 -16 16 18 -19 23 20 25 22 -24 -25 -26 -27 27 -29 29 -31
leaf_value=-0.0081324696786765054 0.16062101115073479 -0.0089336792024941498 0.8255292206594389 0.78784091747724094 0.86368448734283454 -0.0090128713991583839 0.80294774632121246 -0.0025330108284150193 0.041656189731189182 0.19871896817570642 0.4913070321083069 -0.0087639016061034428 0.58975176860888801 -0.0062924673322771428 0.59416898669618545 0.080246584926729717 -0.0095950290560722351 -0.015480757775631819 0.06029709215347584 0.010004181929037605 -0.0069413715298477898 0.27744618773460389 0.0052810218771399582 -0.012210212647914886 0.039500715501137776 0.031302768902054856 0.0017082346975803376 0.1110252283513546 0.011160776349116906 -0.0065214553433630132
leaf_count=25039 21 1565 73 26 20 328 86 149 35 21 29 755 24 61 33 429 234 154 130 355 734 20 394 46 461 140 45 24 1928 10993
internal_value=0 1.37952 6.12744 3.68771 2.77551 0.475755 2.33463 5.84477 7.85228 13.2353 4.90808 -0.096941 1.13532 3.24005 15.07 0.328194 0.940584 0.113029 0.24545 0.118053 0.249097 -0.0352547 0.368582 0.826926 0.533366 -0.0163062 -0.137573 0.794631 -0.13372 -0.0776602
internal_count=44352 3108 497 370 344 2611 563 235 84 127 64 41244 260 85 106 3284 839 175 410 2445 1690 2048 414 176 816 874 1634 69 37960 12921
shrinkage=0.05


Tree=6
num_leaves=31
num_cat=0
split_feature=3 1 9 31 8 7 17 3 1 3 42 4 10 4 1 1 15 4 2 4 1 3 3 16 3 1 1 1 7 3
split_gain=5686.13 12036.1 7778.32 3676.33 2585.15 2238.38 9188.98 5925.29 2102.85 1945.4 1157.56 956.722 504.884 2208.95 363.757 703.034 333.422 165.865 148.756 179.559 144.459 157.381 181.076 139.92 76.3725 508.977 74.3001 169.028 174.703 84.0854
threshold=0.29122452792446102 26.539447000000006 1.0000000180025095e-35 1.0000000180025095e-35 1.0000000180025095e-35 1.0000000180025095e-35 1.0000000180025095e-35 0.42596312602367298 26.398492000000001 0.37571600624190471 1.0000000180025095e-35 0.19416396842878123 1.0000000180025095e-35 0.24137300844346551 38.62635800000001 39.626699500000008 1.0000000180025095e-35 0.30507433002936862 0.40138888888888896 0.21543336086637302 41.472846560000001 0.075878482024713437 0.090042622693130722 1.0000000180025095e-35 0.45782944076976501 34.245925045000007 32.087813335000007 33.822130000000008 1.0000000180025095e-35 0.090042622693130722
decision_type=2 2 2 2 2 2 2 2 2 2 2 2 2 2 2 2 2 2 2 2 2 2 2 2 2 2 2 2 2 2
left_child=14 2 3 4 12 24 -7 -8 -6 18 -10 -9 17 -14 26 16 -16 -2 -4 -20 -17 -22 23 -23 -3 -26 -1 28 -28 -30
right_child=1 5 9 -5 8 6 7 11 10 -11 -12 -13 13 -15 15 20 -18 -19 19 -21 21 22 -24 -25 25 -27 27 -29 29 -31
leaf_value=-0.0077577201847398363 -0.014037548903597902 -0.0065347278629733999 0.78264800310134897 0.74844887898518486 0.82050027847290041 -0.0086298084105376153 0.010911326229572298 0.37446150392293931 0.03957338328872409 0.22327570716540018 0.46674164944681629 0.76312769714154705 0.560264181594054 -0.0059778439216926459 0.080147888345302606 -0.0088341023110552371 -0.0093761164060345414 0.1274676709746321 0.75446277306630061 0.56678990817070007 -0.008976013642307875 0.040453605775475798 -0.0035487035801719012 -0.015089938637207857 0.26357386916875841 0.0050169705692205942 0.0027927733428035621 -0.0057343927813937497 0.013523477231237022 0.059312117099761967
leaf_count=25720 151 1634 52 26 20 417 50 20 35 24 29 76 24 61 453 1929 135 24 26 25 740 804 549 132 20 394 1519 8854 176 233
internal_value=0 1.31054 5.82107 3.50332 2.63673 0.451967 2.2179 9.04555 7.45966 12.5736 4.66268 13.6431 1.07856 3.07805 -0.092094 0.168463 1.19188 0.107378 14.4628 13.2493 0.0235982 0.197235 0.384978 0.652411 -0.033492 0.350153 -0.125943 -0.0562609 0.212055 0.792169
internal_count=44352 3108 497 370 344 2611 563 146 84 127 64 96 260 85 41244 4742 588 175 103 51 4154 2225 1485 936 2048 414 36502 10782 1928 409
shrinkage=0.05



feature importances:
LATITUDE=48
LONGITUDE=40
HEIGHT=33
SPEED=16
weekday_2=9
weekday_5=9
weekday_4=8
weekday_3=7
weekday_1=6
month_8=6
hour_13=6
month_12=5
DIRECTION=4
month_11=2
CALLSTATE_0=2
CALLSTATE_4=2
month_10=1
hour_0=1
hour_4=1
hour_5=1
hour_6=1
hour_7=1
hour_9=1

pandas_categorical:[]
